 0.000000 1142.067261
 0.998004 1141.914917
 1.996008 1141.655884
 2.994012 1141.363159
 3.992016 1141.363159
 4.990020 1140.960938
 5.988024 1140.713989
 6.986028 1140.113525
 7.984032 1139.936768
 8.982036 1139.647217
 9.980040 1139.381958
 10.978044 1139.138184
 11.976048 1138.845581
 12.974052 1138.583496
 13.972056 1138.339600
 14.970060 1138.065308
 15.968064 1137.922119
 16.966068 1137.793945
 17.964072 1137.620361
 18.962076 1137.309448
 19.960080 1136.998535
 20.958084 1136.849121
 21.956088 1136.776001
 22.954092 1136.742432
 23.952096 1136.742432
 24.950100 1136.550415
 25.948104 1136.266968
 26.946108 1136.282227
 27.944112 1136.209106
 28.942116 1136.199951
 29.940120 1136.227417
 30.938124 1136.227417
 31.936128 1136.279175
 32.934132 1136.132812
 33.932136 1135.742676
 34.930140 1135.657349
 35.928144 1135.511108
 36.926148 1135.511108
 37.924152 1135.535522
 38.922156 1135.602539
 39.920160 1135.715332
 40.918164 1135.681763
 41.916168 1135.654297
 42.914172 1135.599487
 43.912176 1135.620850
 44.910180 1135.526367
 45.908184 1135.538574
 46.906188 1135.544678
 47.904192 1135.581177
 48.902196 1135.611694
 49.900200 1135.587280
 50.898204 1135.687866
 51.896208 1135.642212
 52.894212 1135.660400
 53.892216 1135.636108
 54.890220 1135.657349
 55.888224 1135.602539
 56.886228 1135.620850
 57.884232 1135.654297
 58.882236 1135.715332
 59.880240 1135.636108
 60.878244 1135.547729
 61.876247 1135.413574
 62.874251 1135.337402
 63.872255 1135.337402
 64.870259 1135.383057
 65.868263 1135.160522
 66.866267 1134.989868
 67.864271 1134.703369
 68.862275 1134.035889
 69.860279 1133.734131
 70.858283 1133.734131
 71.856287 1133.453613
 72.854291 1133.097046
 73.852295 1132.801392
 74.850299 1132.392944
 75.848303 1131.999756
 76.846307 1131.999756
 77.844311 1131.597412
 78.842315 1131.216431
 79.840319 1131.134155
 80.838323 1130.801880
 81.836327 1130.341675
 82.834331 1130.073486
 83.832335 1130.070435
 84.830339 1129.829590
 85.828343 1129.616333
 86.826347 1129.424194
 87.824351 1129.125488
 88.822355 1128.869507
 89.820359 1128.646973
 90.818363 1128.646973
 91.816367 1128.415283
 92.814371 1128.262939
 93.812375 1128.055664
 94.810379 1127.753906
 95.808383 1127.549683
 96.806387 1127.619873
 97.804391 1127.406494
 98.802395 1127.247925
 99.800399 1127.031616
 100.798403 1126.952271
 101.796407 1126.806030
 102.794411 1126.903564
 103.792415 1126.903564
 104.790419 1126.751099
 105.788423 1126.516357
 106.786427 1126.214600
 107.784431 1126.046997
 108.782435 1125.818359
 109.780439 1125.534912
 110.778443 1125.504517
 111.776447 1125.355225
 112.774451 1125.135620
 113.772455 1124.891846
 114.770459 1124.614502
 115.768463 1124.358521
 116.766467 1124.358521
 117.764471 1124.032349
 118.762475 1123.755005
 119.760479 1123.294678
 120.758483 1123.078247
 121.756487 1122.810059
 122.754491 1122.486938
 123.752495 1122.529663
 124.750499 1122.276611
 125.748503 1122.121216
 126.746507 1121.834717
 127.744511 1121.572510
 128.742515 1121.228149
 129.740519 1120.941650
 130.738523 1120.941650
 131.736527 1120.734375
 132.734531 1120.124756
 133.732535 1119.740723
 134.730539 1119.524292
 135.728543 1119.198120
 136.726547 1118.835449
 137.724551 1118.835449
 138.722555 1118.472778
 139.720559 1118.125244
 140.718563 1117.777832
 141.716567 1117.555298
 142.714571 1117.466919
 143.712575 1117.466919
 144.710579 1117.092041
 145.708583 1116.918213
 146.706587 1116.787231
 147.704591 1116.668335
 148.702595 1116.409302
 149.700599 1116.299561
 150.698603 1116.220215
 151.696607 1116.080078
 152.694611 1115.894165
 153.692615 1115.848389
 154.690619 1115.540527
 155.688623 1115.464355
 156.686627 1115.290649
 157.684631 1115.290649
 158.682635 1115.168701
 159.680639 1115.171753
 160.678643 1114.976685
 161.676647 1114.809082
 162.674651 1114.671875
 163.672655 1114.565186
 164.670659 1114.498169
 165.668663 1114.336670
 166.666667 1114.260376
 167.664671 1114.153809
 168.662675 1114.004395
 169.660679 1113.431396
 170.658683 1113.431396
 171.656687 1113.248413
 172.654691 1113.016846
 173.652695 1112.763916
 174.650699 1112.526123
 175.648703 1112.233521
 176.646707 1112.020142
 177.644711 1112.099365
 178.642715 1111.870850
 179.640719 1111.712280
 180.638723 1111.733643
 181.636727 1111.236816
 182.634731 1111.014282
 183.632735 1111.014282
 184.630739 1110.791870
 185.628743 1110.581421
 186.626746 1110.438232
 187.624750 1110.209595
 188.622754 1109.831665
 189.620758 1109.411011
 190.618762 1109.398804
 191.616766 1109.005615
 192.614770 1108.694702
 193.612774 1108.463135
 194.610778 1107.560913
 195.608782 1107.289673
 196.606786 1106.670898
 197.604790 1106.670898
 198.602794 1106.167969
 199.600798 1105.939331
 200.598802 1105.445557
 201.596806 1105.140869
 202.594810 1104.409302
 203.592814 1104.086182
 204.590818 1103.839355
 205.588822 1103.415649
 206.586826 1103.336426
 207.584830 1103.254150
 208.582834 1103.193115
 209.580838 1102.845703
 210.578842 1102.845703
 211.576846 1102.467773
 212.574850 1102.473877
 213.572854 1102.321411
 214.570858 1102.357910
 215.568862 1102.345825
 216.566866 1102.354858
 217.564870 1102.333618
 218.562874 1102.345825
 219.560878 1102.327515
 220.558882 1102.336670
 221.556886 1102.315308
 222.554890 1102.342773
 223.552894 1102.345825
 224.550898 1102.482910
 225.548902 1102.589600
 226.546906 1102.662720
 227.544910 1102.711548
 228.542914 1102.931030
 229.540918 1103.074219
 230.538922 1103.116943
 231.536926 1103.254150
 232.534930 1103.513184
 233.532934 1103.485718
 234.530938 1103.485718
 235.528942 1103.476562
 236.526946 1103.427856
 237.524950 1103.427856
 238.522954 1103.345459
 239.520958 1103.385132
 240.518962 1103.473511
 241.516966 1103.577148
 242.514970 1103.674683
 243.512974 1103.674683
 244.510978 1103.689941
 245.508982 1103.616821
 246.506986 1103.552856
 247.504990 1103.476562
 248.502994 1103.421753
 249.500998 1103.622925
 250.499002 1103.622925
 251.497006 1103.878906
 252.495010 1103.915527
 253.493014 1103.839355
 254.491018 1103.747803
 255.489022 1103.308960
 256.487026 1103.080322
 257.485030 1103.190063
 258.483034 1103.424805
 259.481038 1103.711304
 260.479042 1103.845459
 261.477046 1103.885010
 262.475050 1103.894165
 263.473054 1103.872803
 264.471058 1103.872803
 265.469062 1103.872803
 266.467066 1103.921631
 267.465070 1104.016113
 268.463074 1104.064819
 269.461078 1104.211182
 270.459082 1104.238647
 271.457086 1104.275146
 272.455090 1104.323975
 273.453094 1104.515991
 274.451098 1105.153076
 275.449102 1105.576660
 276.447106 1106.213745
 277.445110 1106.213745
 278.443114 1106.411865
 279.441118 1106.445312
 280.439122 1106.445312
 281.437126 1106.472778
 282.435130 1106.466675
 283.433134 1106.460571
 284.431138 1106.478882
 285.429142 1106.454468
 286.427146 1106.341675
 287.425150 1106.253296
 288.423154 1105.982056
 289.421158 1105.866211
 290.419162 1105.979004
 291.417166 1106.832520
 292.415170 1107.445068
 293.413174 1108.457031
 294.411178 1109.078857
 295.409182 1109.599976
 296.407186 1109.685303
 297.405190 1109.913940
 298.403194 1110.060303
 299.401198 1110.441284
 300.399202 1110.584473
 301.397206 1110.950317
 302.395210 1111.093628
 303.393214 1111.386108
 304.391218 1111.386108
 305.389222 1111.681763
 306.387226 1111.825073
 307.385230 1112.242676
 308.383234 1112.379761
 309.381238 1112.641846
 310.379242 1112.641846
 311.377246 1112.980225
 312.375249 1113.138794
 313.373253 1113.461914
 314.371257 1113.766724
 315.369261 1113.852051
 316.367265 1114.153809
 317.365269 1114.153809
 318.363273 1114.601807
 319.361277 1114.787720
 320.359281 1115.287598
 321.357285 1115.424805
 322.355289 1115.738770
 323.353293 1116.058716
 324.351297 1116.235474
 325.349301 1116.360474
 326.347305 1116.756714
 327.345309 1116.872559
 328.343313 1117.159058
 329.341317 1117.314453
 330.339321 1117.582764
 331.337325 1117.759521
 332.335329 1118.314209
 333.333333 1118.978760
 334.331337 1119.408569
 335.329341 1119.978516
 336.327345 1120.243652
 337.325349 1120.722168
 338.323353 1121.014771
 339.321357 1121.313477
 340.319361 1121.599976
 341.317365 1122.163818
 342.315369 1122.444336
 343.313373 1123.093506
 344.311377 1123.093506
 345.309381 1124.184692
 346.307385 1124.553467
 347.305389 1125.156982
 348.303393 1125.580688
 349.301397 1126.510254
 350.299401 1126.510254
 351.297405 1127.202148
 352.295409 1127.635132
 353.293413 1128.302612
 354.291417 1128.659180
 355.289421 1129.320679
 356.287425 1129.735107
 357.285429 1129.994263
 358.283433 1131.125000
 359.281437 1131.624878
 360.279441 1132.307617
 361.277445 1132.780029
 362.275449 1133.325684
 363.273453 1133.715820
 364.271457 1133.901733
 365.269461 1134.377197
 366.267465 1135.105713
 367.265469 1135.608643
 368.263473 1136.333984
 369.261477 1136.687622
 370.259481 1136.907104
 371.257485 1137.726929
 372.255489 1138.440186
 373.253493 1138.891357
 374.251497 1139.549683
 375.249501 1140.223267
 376.247505 1140.903076
 377.245509 1140.903076
 378.243513 1141.619263
 379.241517 1142.039917
 380.239521 1142.466675
 381.237525 1142.945190
 382.235529 1143.813843
 383.233533 1144.350220
 384.231537 1144.350220
 385.229541 1144.908081
 386.227545 1145.386597
 387.225549 1146.084595
 388.223553 1146.566162
 389.221557 1147.407471
 390.219561 1147.407471
 391.217565 1148.114624
 392.215569 1148.635742
 393.213573 1149.315430
 394.211577 1149.906738
 395.209581 1151.013184
 396.207585 1151.415527
 397.205589 1151.482666
 398.203593 1151.823975
 399.201597 1152.186646
 400.199601 1152.512817
 401.197605 1152.933472
 402.195609 1153.110229
 403.193613 1153.210815
 404.191617 1153.195557
 405.189621 1153.314453
 406.187625 1153.533936
 407.185629 1153.680176
 408.183633 1154.445312
 409.181637 1154.795776
 410.179641 1155.380981
 411.177645 1155.380981
 412.175649 1155.908325
 413.173653 1156.362427
 414.171657 1157.020874
 415.169661 1157.346924
 416.167665 1157.968750
 417.165669 1157.968750
 418.163673 1158.566162
 419.161677 1158.910522
 420.159681 1159.800659
 421.157685 1160.169434
 422.155689 1161.193481
 423.153693 1161.897583
 424.151697 1162.147583
 425.149701 1162.933960
 426.147705 1163.665527
 427.145709 1164.473145
 428.143713 1164.985229
 429.141717 1165.704590
 430.139721 1166.213501
 431.137725 1166.536621
 432.135729 1166.981689
 433.133733 1168.341064
 434.131737 1169.048218
 435.129741 1170.038818
 436.127745 1170.800781
 437.125749 1171.142212
 438.123752 1171.663452
 439.121756 1172.471069
 440.119760 1172.983276
 441.117764 1174.040894
 442.115768 1174.601685
 443.113772 1175.342407
 444.111776 1175.342407
 445.109780 1176.055542
 446.107784 1177.250366
 447.105788 1177.731934
 448.103792 1178.472656
 449.101796 1178.996948
 450.099800 1179.780151
 451.097804 1179.780151
 452.095808 1181.151855
 453.093812 1181.505371
 454.091816 1182.239990
 455.089820 1182.877075
 456.087824 1183.821899
 457.085828 1183.821899
 458.083832 1184.605225
 459.081836 1185.056274
 460.079840 1186.190186
 461.077844 1186.671753
 462.075848 1187.552612
 463.073852 1187.985474
 464.071856 1188.107422
 465.069860 1188.540161
 466.067864 1189.158936
 467.065868 1189.579590
 468.063872 1190.280640
 469.061876 1190.759155
 470.059880 1191.576050
 471.057884 1191.774170
 472.055888 1192.240479
 473.053892 1192.813477
 474.051896 1193.142700
 475.049900 1193.788818
 476.047904 1194.233887
 477.045908 1194.511230
 478.043912 1194.816040
 479.041916 1195.331055
 480.039920 1195.599365
 481.037924 1196.303345
 482.035928 1196.519897
 483.033932 1197.513550
 484.031936 1197.513550
 485.029940 1198.031616
 486.027944 1198.251099
 487.025948 1198.586426
 488.023952 1198.662598
 489.021956 1198.769287
 490.019960 1198.680908
 491.017964 1198.827148
 492.015968 1198.827148
 493.013972 1198.586426
 494.011976 1198.543701
 495.009980 1198.092651
 496.007984 1197.973755
 497.005988 1197.973755
 498.003992 1198.156616
 499.001996 1197.918823
