 0.000000 1103.528442
 0.999880 1103.543701
 1.264619 1103.543701
 2.264500 1103.531494
 3.264380 1103.546753
 4.264260 1103.546753
 5.264140 1103.531494
 6.264020 1103.531494
 7.263900 1103.500977
 8.263781 1103.510132
 8.583360 1103.510132
 9.583240 1103.528442
 10.583121 1103.491821
 11.583001 1103.497925
 12.582881 1103.479614
 13.582761 1103.464478
 14.582641 1103.470459
 15.582521 1103.470459
 15.801372 1103.476562
 16.801253 1103.482666
 17.801133 1103.446167
 18.801013 1103.418701
 19.800893 1103.409546
 20.800773 1103.433960
 21.800653 1103.440063
 22.800534 1103.421753
 23.190749 1103.394287
 24.190629 1103.394287
 25.190509 1103.379028
 26.190389 1103.403442
 27.190269 1103.360718
 28.190150 1103.379028
 29.190030 1103.412598
 30.189910 1103.424805
 30.536439 1103.424805
 31.536319 1103.406494
 32.536199 1103.388184
 33.536079 1103.372925
 34.535960 1103.357666
 35.535840 1103.351562
 36.535720 1103.363770
 37.522393 1103.318115
 38.522273 1103.315063
 39.522153 1103.296753
 40.522033 1103.293701
 41.521913 1103.284546
 42.521794 1103.308960
 43.521674 1103.296753
 44.521554 1103.290649
 44.824320 1103.290649
 45.824201 1103.290649
 46.824081 1103.281494
 47.823961 1103.272339
 48.823841 1103.260254
 49.823721 1103.251099
 50.823601 1103.241943
 51.823482 1103.254150
 52.169517 1103.254150
 53.169397 1103.263184
 54.169277 1103.263184
 55.169158 1103.226685
 56.169038 1103.220581
 57.168918 1103.220581
 58.168798 1103.220581
 59.168678 1103.177979
 59.434776 1103.177979
 60.434657 1103.177979
 61.434537 1103.199219
 62.434417 1103.187012
 63.434297 1103.205322
 64.434177 1103.190063
 65.434057 1103.168823
 65.822440 1103.168823
 66.822320 1103.174927
 67.822200 1103.162720
 68.822080 1103.190063
 69.821960 1103.190063
 70.821841 1103.177979
 71.821721 1103.110840
 72.821601 1103.126099
 73.500126 1103.153564
 74.500006 1103.165771
 75.499887 1103.165771
 76.499767 1103.144409
 77.499647 1103.119995
 78.499527 1103.092529
 79.499407 1103.034546
 80.499287 1103.037598
 80.744094 1103.037598
 81.743974 1103.040649
 82.743855 1103.025513
 83.743735 1103.025513
 84.743615 1103.037598
 85.743495 1103.040649
 86.743375 1103.013306
 87.743256 1103.031616
 87.927482 1103.028564
 88.927362 1103.049805
 89.927243 1103.031616
 90.927123 1102.949341
 91.927003 1102.952393
 92.926883 1102.952393
 93.926763 1102.970581
 94.926643 1102.915771
 95.091979 1102.915771
 96.091859 1102.891357
 97.091739 1102.888306
 98.091620 1102.867065
 99.091500 1102.860962
 100.091380 1102.860962
 101.091260 1102.842651
 102.091140 1102.867065
 102.730093 1102.903564
 103.729973 1102.857910
 104.729854 1102.857910
 105.729734 1102.851807
 106.729614 1102.812134
 107.729494 1102.806030
 108.729374 1102.812134
 109.729254 1102.763306
 110.049603 1102.763306
 111.049483 1102.717651
 112.049363 1102.748047
 113.049243 1102.729858
 114.049124 1102.732910
 115.049004 1102.760254
 116.048884 1102.638428
 117.048764 1102.684082
 117.420801 1102.684082
 118.420681 1102.690186
 119.420561 1102.674927
 120.420441 1102.662720
 121.420321 1102.662720
 122.420201 1102.699341
 123.420082 1102.662720
 124.419962 1102.650635
 124.621684 1102.650635
 125.621564 1102.620117
 126.621444 1102.607910
 127.621324 1102.598755
 128.621204 1102.598755
 129.621084 1102.580444
 130.620965 1102.604858
 131.620845 1102.610962
 132.270612 1102.604858
 133.270492 1102.580444
 134.270372 1102.525635
 135.270253 1102.537842
 136.270133 1102.507324
 137.270013 1102.489014
 138.269893 1102.470825
 139.269773 1102.467773
 139.485821 1102.467773
 140.485701 1102.461670
 141.485581 1102.461670
 142.485461 1102.425049
 143.485342 1102.406738
 144.485222 1102.394531
 145.485102 1102.391479
 146.484982 1102.400635
 146.835319 1102.400635
 147.835200 1102.379272
 148.835080 1102.364014
 149.834960 1102.385376
 150.834840 1102.370117
 151.834720 1102.379272
 152.834600 1102.388428
 153.834481 1102.400635
 154.141406 1102.400635
 155.141286 1102.367065
 156.141166 1102.333618
 157.141046 1102.345825
 158.140926 1102.330566
 159.140807 1102.330566
 160.140687 1102.293945
 161.140567 1102.318359
 161.469479 1102.318359
 162.469359 1102.290894
 163.469239 1102.296997
 164.469119 1102.306152
 165.469000 1102.327515
 166.468880 1102.327515
 167.468760 1102.278687
 168.468640 1102.272583
 168.819901 1102.272583
 169.819781 1102.272583
 170.819662 1102.272583
 171.819542 1102.257446
 172.819422 1102.263550
 173.819302 1102.266602
 174.819182 1102.281738
 175.819062 1102.284790
 175.838905 1102.284790
 176.838785 1102.242188
 177.838665 1102.236084
 178.838545 1102.226929
 179.838425 1102.226929
 180.838305 1102.239136
 181.838186 1102.220825
 182.838066 1102.226929
 183.235383 1102.226929
 184.235263 1102.223877
 185.235143 1102.193481
 186.235023 1102.202515
 187.234904 1102.199463
 188.234784 1102.199463
 189.234664 1102.190430
 190.215256 1102.156860
 191.215136 1102.172119
 192.215017 1102.193481
 193.214897 1102.184326
 194.214777 1102.169067
 195.214657 1102.156860
 196.214537 1102.175171
 197.214417 1102.150757
 197.795045 1102.132446
 198.794925 1102.144653
 199.794806 1102.172119
 200.794686 1102.120239
 201.794566 1102.089722
 202.794446 1102.114136
 203.794326 1102.098877
 204.794207 1102.098877
 205.129460 1102.098877
 206.129340 1102.104980
 207.129220 1102.104980
 208.129100 1102.104980
 209.128980 1102.141602
 210.128861 1102.172119
 211.128741 1102.144653
 212.128621 1102.123291
 212.489824 1102.135498
 213.489704 1102.153809
 214.489584 1102.153809
 215.489465 1102.172119
 216.489345 1102.181274
 217.489225 1102.187378
 218.489105 1102.083618
 219.488985 1102.083618
 219.765021 1102.080566
 220.764901 1102.080566
 221.764781 1102.108032
 222.764661 1102.080566
 223.764541 1102.111084
 224.764422 1102.135498
 225.764302 1102.111084
 226.764182 1102.098877
 227.117110 1102.098877
 228.116991 1102.098877
 229.116871 1102.086670
 230.116751 1102.089722
 231.116631 1102.086670
 232.116511 1102.080566
 233.116391 1102.041016
 234.116272 1102.019653
 234.365452 1102.019653
 235.365332 1102.059204
 236.365212 1102.001343
 237.365093 1101.992188
 238.364973 1101.955688
 239.364853 1101.937378
 240.364733 1101.919067
 241.364613 1101.931274
 241.898471 1101.931274
 242.898351 1101.998291
 243.898232 1101.961792
 244.898112 1101.958740
 245.897992 1101.916016
 246.897872 1101.903809
 247.897752 1101.894653
 248.897632 1101.894653
 249.033434 1101.900757
 250.033314 1101.906860
 251.033194 1101.882568
 252.033074 1101.845947
 253.032955 1101.809326
 254.032835 1101.791016
 255.032715 1101.861206
 256.032595 1101.861206
 256.303978 1101.852051
 257.303858 1101.852051
 258.303738 1101.803223
 259.303618 1101.830688
 260.303498 1101.809326
 261.303378 1101.815430
 262.303259 1101.797119
 263.303139 1101.797119
 263.584533 1101.791016
 264.584413 1101.742310
 265.584294 1101.742310
 266.584174 1101.687378
 267.584054 1101.687378
 268.583934 1101.672119
 269.583814 1101.699585
 270.583694 1101.714844
 271.114090 1101.733154
 272.113970 1101.733154
 273.113851 1101.736206
 274.113731 1101.730103
 275.113611 1101.723999
 276.113491 1101.708740
 277.113371 1101.720947
 278.113252 1101.714844
 278.348789 1101.714844
 279.348669 1101.699585
 280.348549 1101.693481
 281.348430 1101.669067
 282.348310 1101.644775
 283.348190 1101.626465
 284.348070 1101.626465
 285.347950 1101.617310
 285.830478 1101.617310
 286.830358 1101.617310
 287.830238 1101.605103
 288.830118 1101.595947
 289.829998 1101.571655
 290.829878 1101.574707
 291.829759 1101.623413
 292.829639 1101.571655
 293.033766 1101.571655
 294.033646 1101.550293
 295.033526 1101.535034
 296.033406 1101.531982
 297.033286 1101.510620
 298.033166 1101.559448
 299.033047 1101.565552
 300.032927 1101.550293
 300.348001 1101.550293
 301.347882 1101.513672
